2000 -4.79282
1950 -4.79548
1900 -4.79857
1850 -4.80165
1800 -4.80461
1750 -4.80776
1700 -4.81103
1650 -4.81458
1600 -4.81798
1550 -4.82178
1500 -4.82556
1450 -4.8294
1400 -4.83315
1350 -4.83748
1300 -4.84163
1250 -4.8461
1200 -4.85077
1150 -4.85535
1100 -4.86052
1050 -4.86567
1000 -4.87107
980 -4.87323
960 -4.87565
940 -4.87784
920 -4.8804
900 -4.88262
880 -4.88522
860 -4.88778
840 -4.89023
820 -4.89293
800 -4.89577
780 -4.89829
760 -4.90131
740 -4.90381
720 -4.90676
700 -4.90869
680 -4.91012
660 -4.91122
640 -4.91225
620 -4.91313
600 -4.91381
